%YAML:1.0
R_t: !!opencv-matrix
   rows: 4
   cols: 4
   dt: d
   data: [ -3.6546883640230732e-02, -9.9887306700038481e-01,
       3.0280708667936251e-02, -9.4714168406792129e-02,
       -3.4291761910810459e-01, -1.5925941300566238e-02,
       -9.3923046740345906e-01, 5.3804178768994204e-01,
       9.3865426638428295e-01, -4.4709735124868755e-02,
       -3.4194913040340902e-01, 4.4254173212733772e-01, 0., 0., 0., 1. ]
