%YAML:1.0
R_t: !!opencv-matrix
   rows: 4
   cols: 4
   dt: d
   data: [ -3.6546883640230961e-02, -3.4291761910810437e-01,
       9.3865426638428295e-01, -2.3435118379095718e-01,
       -9.9887306700038458e-01, -1.5925941300566421e-02,
       -4.4709735124868574e-02, -6.6252686331767729e-02,
       3.0280708667936140e-02, -9.3923046740345884e-01,
       -3.4194913040340918e-01, 6.5954001234303039e-01, 0., 0., 0., 1. ]
